G =

        akg         glu     act     accoa   x       suc     oaa     r5p     pyr     g6p     icit    bio

v8        1.0		0.0		0.0		0.0		0.0		0.0		0.0		0.0		0.0		0.0		-1.0	0.0
v9        -1.0	    0.0		0.0		0.0		0.0		1.0		0.0		0.0		0.0		0.0		0.0		0.0
out2      0.0		0.0		1.0		-1.0	0.0		0.0		0.0		0.0		0.0		0.0		0.0		0.0
v4        0.0		0.0		0.0		0.0		0.0		0.0		0.0		-1.0	1.0		0.0		0.0		0.0
v5        0.0		0.0		0.0		1.0		0.0		0.0		0.0		0.0		-1.0	0.0		0.0		0.0
v7        0.0		0.0		0.0		-1.0	0.0		0.0		-1.0	0.0		0.0		0.0		1.0		0.0
v2        0.0		0.0		0.0		0.0		0.0		0.0		0.0		1.0		0.0		-1.0	0.0		0.0
v3        0.0		0.0		0.0		0.0		0.0		0.0		0.0		0.0		2.0		-1.0	0.0		0.0
vbio      -1.078	0.0		0.0		-2.928	0.0		0.0		-1.786	0.0		-2.833	-0.205	0.0		1.0
in1       0.0		-1.0	0.0		0.0		0.0		0.0		0.0		0.0		0.0		1.0		0.0		0.0
v10       0.0		0.0		0.0		0.0		0.0		-1.0	1.0		0.0		0.0		0.0		0.0		0.0
v11       0.0		0.0		0.0		0.0		0.0		0.0		1.0		0.0		-1.0	0.0		0.0		0.0
-out2     -0.0	    -0.0	-1.0	1.0		-0.0	-0.0	-0.0	-0.0	-0.0	-0.0	-0.0	-0.0
-in1      -0.0	    1.0		-0.0	-0.0	-0.0	-0.0	-0.0	-0.0	-0.0	-1.0	-0.0	-0.0


